Error:  0
M = 16 , K = 1 , N = 6
executions: 150000000
duration: 0.994696 seconds
GFLOPS: 28.9536
***********************
Error:  0
M = 16 , K = 64 , N = 6
executions: 10000000
duration: 1.51493 seconds
GFLOPS: 81.1125
***********************
Error:  0
M = 64 , K = 64 , N = 6
executions: 2000000
duration: 1.18637 seconds
GFLOPS: 82.8614
***********************
Error:  0
M = 64 , K = 64 , N = 48
executions: 250000
duration: 1.18221 seconds
GFLOPS: 83.1528
***********************